0.000000,0.000000,100.000000
0.166667,0.000000,100.000000
on
0.166667,0.166667,100.000000
0.000000,0.166667,100.000000
0.000000,0.305556,100.000000
0.416667,0.777778,100.000000
0.833333,0.305556,100.000000
0.833333,0.166667,100.000000
0.666667,0.166667,100.000000
0.666667,0.000000,100.000000
0.166667,0.000000,100.000000
0.166667,0.166667,100.000000
0.666667,0.833333,100.000000
0.833333,0.833333,100.000000
0.833333,0.694444,100.000000
0.416667,0.222222,100.000000
0.000000,0.694444,100.000000
0.000000,0.833333,100.000000
0.166667,0.833333,100.000000
0.166667,1.000000,100.000000
0.666667,1.000000,100.000000
0.666667,0.833333,100.000000
off
0.166667,0.833333,100.000000
on
0.666667,0.166667,100.000000
off
0.000000,0.000000,100.000000
