0.000000,0.000000,0.000000
0.166667,0.000000,0.000000
on
0.166667,0.000000,0.166667
0.000000,0.000000,0.166667
0.000000,0.000000,0.305556
0.416667,0.000000,0.777778
0.833333,0.000000,0.305556
0.833333,0.000000,0.166667
0.666667,0.000000,0.166667
0.666667,0.000000,0.000000
0.166667,0.000000,0.000000
0.166667,0.000000,0.166667
0.666667,0.000000,0.833333
0.833333,0.000000,0.833333
0.833333,0.000000,0.694444
0.416667,0.000000,0.222222
0.000000,0.000000,0.694444
0.000000,0.000000,0.833333
0.166667,0.000000,0.833333
0.166667,0.000000,1.000000
0.666667,0.000000,1.000000
0.666667,0.000000,0.833333
off
0.166667,0.000000,0.833333
on
0.666667,0.000000,0.166667
off
0.000000,0.000000,0.000000
